mdb001c.png 2.3128433227539062 576.8124240272228 24.0169195366 0.9982693345480005 145176.27893952173 8.291345147881657e-05 
mdb002c.png 0.22140121459960938 56.137914240030135 7.49252388985 0.9824984861050561 14246.601214569824 7.597882358822972e-07 
mdb003c.png 0.6688060760498047 168.9833179693536 12.9993583676 0.99411706976928 42808.745694406854 6.9331881604739465e-06 
mdb004c.png 0.07509231567382812 19.062172136471755 4.36602475216 0.9501549486666968 4840.360300016325 8.74024408403784e-08 
mdb005c.png 3.250760078430176 801.4431971761771 28.3097721145 0.9987538058724666 200159.82933506306 0.0001650930507821613 
mdb006c.png 4.353166580200195 1063.7770845993168 32.6155957266 0.9990608362872719 264504.8035501666 0.00029605304371216334 
mdb007c.png 3.966085433959961 976.1716465254547 31.2437457186 0.9989766383382533 244076.01806913616 0.00024381290950259427 
mdb008c.png 2.3577842712402344 585.4529346700527 24.1961347052 0.9982948333261175 146739.22075060685 8.684945350978523e-05 
mdb009c.png 2.9891586303710938 741.481304422377 27.2301543224 0.998653164740925 186119.84608291078 0.0001384938514092937 
mdb010c.png 0.03318595886230469 8.427031079183765 2.90293490784 0.8939220639456527 2140.1862350059514 1.707030605757609e-08 
mdb011c.png 0.06685638427734375 16.972583230716182 4.11977951239 0.9443596957007859 4309.901415055258 6.928166840225458e-08 
mdb012c.png 1.1968746185302734 301.1478855335615 17.3536130398 0.9966903624090101 76131.12666490545 2.220393162133405e-05 
mdb013c.png 3.100343704223633 768.3803651218473 27.7196746937 0.998700252767899 192786.36951349463 0.00014898832978360588 
mdb014c.png 2.7472095489501953 680.0316463828303 26.0774164054 0.998531639454185 170179.81710232486 0.00011790779899456538 
mdb015c.png 2.2384777069091797 558.595932212713 23.6346341671 0.9982129963024465 140632.96224060078 7.766728322167182e-05 
mdb016c.png 0.025816917419433594 6.530347148679725 2.55545439182 0.8672039973382466 1652.0092351829128 1.0412804840598255e-08 
mdb017c.png 0.11409187316894531 28.953307720829642 5.38082779141 0.9666147054836085 7350.836823978423 2.0176321413600817e-07 
mdb018c.png 0.3330707550048828 84.37824498634802 9.18576316842 0.9882874144325653 21403.970300768808 1.7195134205394424e-06 
mdb019c.png 5.146730422973633 1254.828595121532 35.4235598878 0.9992037129876763 312268.19865473994 0.0004105777488803142 
mdb020c.png 1.6774654388427734 420.46702434827057 20.5052925936 0.9976273351360136 106093.30528294345 4.361538685770938e-05 
mdb021c.png 1.0004234313964844 252.109799501683 15.877965849 0.9960491454618953 63783.672522721325 1.551316017867066e-05 
mdb022c.png 1.9320526123046875 483.30410270649105 21.9841784633 0.9979351816463837 121825.47313327708 5.7858938816934824e-05 
mdb023c.png 3.259490966796875 806.7984804361462 28.4041982889 0.9987620674905701 202297.06167177408 0.00016467669047415257 
mdb024c.png 0.9139461517333984 230.47473298247917 15.181394303 0.9956798740531404 58329.94068226859 1.2947138202434871e-05 
mdb025c.png 2.114696502685547 528.226260575834 22.9831734227 0.9981104490187015 133052.43196039545 6.931522875675e-05 
mdb026c.png 3.256826400756836 806.1560728917202 28.3928877167 0.9987610822323155 202138.13213317274 0.00016440756098745624 
mdb027c.png 2.9678421020507812 736.3186378003444 27.1351918696 0.9986437342707308 184839.65654749895 0.00013652561756316572 
mdb028c.png 0.99993896484375 251.98867749051726 15.8741512369 0.9960472539327873 63753.15078526917 1.5498138964176178e-05 
mdb029c.png 0.08010482788085938 20.25368991863894 4.50040997228 0.9529493464980391 5122.561131070767 1.0024814400821924e-07 
mdb030c.png 2.6919384002685547 669.3360890401699 25.8715304735 0.9985082110058674 168209.55509543035 0.00011232147608097875 
mdb031c.png 4.233510971069336 1039.765279154033 32.2453915956 0.9990391685617983 259698.52318848876 0.0002778010903057293 
mdb032c.png 4.802670478820801 1169.3821962000457 34.1962307309 0.9991455782536279 290237.53828646295 0.00036035000903211767 
mdb033c.png 1.8739166259765625 468.97760295293193 21.6558907218 0.9978722390307179 118241.48622266056 5.4429343435913324e-05 
mdb034c.png 0.5290374755859375 133.81634044001348 11.567901298 0.9925825015221731 33918.55661282489 4.338158760219812e-06 
mdb035c.png 1.3271961212158203 333.5941195941893 18.2645591131 0.9970113043193561 84290.16155533826 2.7302522539685015e-05 
mdb036c.png 0.027747154235839844 7.0184902969684995 2.64924334423 0.8752882446739303 1775.4833020002577 1.2028067430946976e-08 
mdb037c.png 1.9201831817626953 480.38019494198716 21.9175773055 0.9979226399205715 121094.15154408524 5.7150217799062375e-05 
mdb038c.png 1.6430683135986328 411.95746826238377 20.296735409 0.9975784431161695 103960.32267599324 4.184502267889911e-05 
mdb039c.png 1.0590438842773438 266.75867507112264 16.3327485461 0.996265293739841 67474.19432465316 1.738443097565323e-05 
mdb040c.png 1.1162109375 281.031199675519 16.7639851967 0.9964542929961276 71068.23461872527 1.9311904907226562e-05 
mdb041c.png 2.3285884857177734 580.6665367873497 24.097023401 0.998280801908387 146137.16693238218 8.404619529756019e-05 
mdb042c.png 0.1146078109741211 28.96951222585085 5.38233334399 0.9666327569009472 7325.966460759072 2.0520474208751693e-07 
mdb043c.png 1.639434814453125 411.05829782264925 20.2745726915 0.9975731589309472 103734.90436273262 4.166015423834324e-05 
mdb044c.png 0.026540756225585938 6.713402575486922 2.59102346101 0.8703555285474163 1698.3126728169912 1.1004885891452432e-08 
mdb045c.png 2.9513320922851562 729.3679064711323 27.0068122234 0.9986308270241068 182377.4734277454 0.00013608025619760156 
mdb046c.png 2.962512969970703 735.0276921347871 27.1113941385 0.9986413554670754 184519.504730999 0.00013603576007881202 
mdb047c.png 1.7203407287597656 431.0674458267754 20.7621638041 0.9976855465283054 108749.5483561027 4.587346120388247e-05 
mdb048c.png 1.8131160736083984 453.98016912213063 21.306810393 0.9978021020082491 114487.84421528639 5.0954645303136203e-05 
mdb049c.png 5.190574645996094 1265.0723998516446 35.5678562729 0.9992101557540334 314761.93683829834 0.0004176028451183811 
mdb050c.png 2.3714637756347656 591.1566249592394 24.3137126939 0.9983112576000162 148751.87621782944 8.716970114619471e-05 
mdb051c.png 2.6621437072753906 662.0847615089292 25.7310077826 0.9984918971780857 166406.96464173408 0.00010984886102960445 
mdb052c.png 1.6992664337158203 425.8579788293524 20.6363266797 0.9976573004380931 107444.28045370073 4.47564389105537e-05 
mdb053c.png 0.5287952423095703 133.75532487200803 11.5652637182 0.9925791429693053 33903.12333806415 4.33418699685717e-06 
mdb054c.png 0.21908187866210938 55.331763124628075 7.43853232329 0.9822480258999242 13986.813883915873 7.498456398025155e-07 
mdb055c.png 2.466419219970703 614.3631043353648 24.786349153 0.9983749431954 154532.95153260906 9.429015699424781e-05 
mdb056c.png 2.2295150756835938 556.3989855149747 23.5881111053 0.9982059529601115 140084.84239450286 7.704658492002636e-05 
mdb057c.png 2.0352439880371094 508.7007274272494 22.5543948584 0.9980380644048762 128174.65466931493 6.42045088170562e-05 
mdb058c.png 0.06467628479003906 16.41941135816864 4.05208728413 0.9425927788581064 4169.468538449749 6.483696779469028e-08 
mdb059c.png 2.140857696533203 534.6499420085179 23.1224986108 0.9981331091043335 134656.47582686358 7.104085307219066e-05 
mdb060c.png 1.7513465881347656 438.72875228954126 20.9458528661 0.9977258707901331 110668.73697810457 4.75419255963061e-05 
mdb061c.png 0.30884742736816406 78.25658906877395 8.84627543482 0.9873827525036151 19853.004277260083 1.4784973245696165e-06 
mdb062c.png 0.4529762268066406 114.64595261014634 10.7072850252 0.991352918304274 29068.14007194517 3.1804120226297528e-06 
mdb063c.png 0.16520309448242188 41.907019624600004 6.47356313205 0.9766937902294508 10637.459815325881 4.230278136674315e-07 
mdb064c.png 0.03778839111328125 9.595395630210119 3.09764356087 0.9056193808234257 2436.867895510409 2.213346306234598e-08 
mdb065c.png 0.5200748443603516 131.55860859392445 11.4699001126 0.9924561670448475 33347.46625996806 4.192414962744806e-06 
mdb066c.png 2.3014583587646484 574.0249947232712 23.9588187255 0.9982609451603383 144481.25403746517 8.209917814383516e-05 
mdb067c.png 0.10319137573242188 26.189316842083425 5.11754988662 0.9632208486219777 6649.383966254763 1.6505146049894392e-07 
mdb068c.png 0.8877849578857422 223.92380983726588 14.9640839959 0.9955540500548896 56677.851508579544 1.2216537470521871e-05 
mdb069c.png 0.031005859375 7.873565671972756 2.80598746825 0.8873057306423606 1999.641554011075 1.4901161193847656e-08 
mdb070c.png 1.6750431060791016 419.8679132190267 20.490678691 0.9976239576157007 105943.15310413143 4.348951279098401e-05 
mdb071c.png 1.8579292297363281 465.03547186591027 21.5646811214 0.9978542405881763 117255.0068578973 5.350457286112942e-05 
mdb072c.png 1.6992664337158203 425.8579788293524 20.6363266797 0.9976573004380931 107444.28045370073 4.47564389105537e-05 
mdb073c.png 1.2615509033203125 317.25881269316494 17.8117605164 0.9968579031903695 80183.5002823245 2.46684649027884e-05 
mdb074c.png 1.1697444915771484 294.3847979422514 17.1576454662 0.9966145854256335 74429.38368153485 2.120872613886604e-05 
mdb075c.png 0.0174407958984375 4.42935381636646 2.10460300683 0.8158160190287175 1124.9786179012076 4.71482053399086e-09 
mdb076c.png 0.825531005859375 208.32408756788726 14.4334364435 0.9952227189349354 52742.34024868871 1.0563293471932411e-05 
mdb077c.png 1.9661874771118164 489.74368907704286 22.1301533903 0.9979622763934454 122942.22542803403 6.039608797436813e-05 
mdb078c.png 3.012897491455078 747.2285363499127 27.3354812716 0.9986635099419245 187544.72525016553 0.0001407023264619056 
mdb079c.png 0.9134616851806641 230.35344433695715 15.1773991295 0.9956776091971921 58299.3558161359 1.2933415746374521e-05 
mdb080c.png 0.9292068481445312 234.29484735985693 15.3066928943 0.9957500131803966 59293.1828527519 1.3383119949139655e-05 
mdb081c.png 0.22237014770507812 56.38316384272159 7.50887234162 0.9825732857334105 14308.785683579501 7.664530130568892e-07 
mdb082c.png 0.1901531219482422 48.22660362455765 6.94453768256 0.9796857811352004 12240.386881397473 5.604533726000227e-07 
mdb083c.png 4.051593780517578 996.5358407371284 31.5679559164 0.9989975297536567 249082.5451328372 0.00025443939739488997 
mdb084c.png 2.7508010864257812 683.6516117531952 26.1467323341 0.9985394031317048 171766.91978896415 0.00011728728713933378 
mdb085c.png 2.4400157928466797 607.9138504178966 24.6559090365 0.9983577315587193 152926.79861043586 9.228217913914705e-05 
mdb086c.png 2.646883010864258 658.3693134250874 25.6587083351 0.9984833992428227 165483.17905939298 0.00010859305712074274 
mdb087c.png 1.7058467864990234 425.7790304906691 20.6344137424 0.9976568670704128 106995.7809232181 4.546100171864964e-05 
mdb088c.png 1.613515853881836 404.6426981790292 20.1157326036 0.9975347762834408 102126.34792880404 4.035329857288161e-05 
mdb089c.png 1.3175067901611328 331.18408019658307 18.1984636768 0.996989620937258 83684.41909547983 2.690532801352674e-05 
mdb090c.png 2.826620101928711 702.0708571742742 26.4966197311 0.9985776682537816 176341.51012439854 0.00012384185629343847 
mdb091c.png 0.7516498565673828 189.79078046484003 13.7764574715 0.9947586565893614 48064.20202515516 8.757168870943133e-06 
mdb092c.png 0.0058135986328125 1.4765864576498213 1.2151487389 0.5962184171236409 375.0443759620432 5.238689482212067e-10 
mdb093c.png 2.2048072814941406 550.3408958731774 23.4593455977 0.998186240114809 138573.19193726184 7.534836549893953e-05 
mdb094c.png 2.487351417541504 616.9869007223331 24.8392210168 0.9983818427238003 154563.02264063404 9.66569868978695e-05 
mdb095c.png 1.933614730834961 481.7553702491457 21.9489264031 0.9979285574814343 120952.57939246125 5.841156598762609e-05 
mdb096c.png 0.22333908081054688 56.62840969501914 7.52518502729 0.9826474475819792 14370.968725565812 7.731468940619379e-07 
mdb097c.png 3.179311752319336 787.4556605302361 28.0616403749 0.9987316978619603 197510.17073872578 0.0001566746732351021 
mdb098c.png 3.7405576705932617 918.5844130129406 30.3081575325 0.9989125522509418 228965.838520091 0.0002185906932936632 
mdb099c.png 2.796825408935547 694.8353207013743 26.359729147 0.998562878356057 174544.83837818558 0.00012124484419473447 
mdb100c.png 3.2057151794433594 793.8281362861571 28.1749558347 0.9987418663804826 199087.55971032215 0.00015928777065710165 
mdb101c.png 1.9904308319091797 497.6768476476099 22.3086720279 0.9979946933475712 125419.32796060776 6.14082537140348e-05 
mdb102c.png 0.10028457641601562 25.452172387849092 5.0450146073 0.9621959215546564 6462.299326186887 1.558837539050728e-07 
mdb103c.png 2.323017120361328 579.3028856204093 24.0687117566 0.9982767619724467 145797.20242641302 8.364449968212284e-05 
mdb104c.png 0.06806755065917969 17.279892726140307 4.15690903511 0.9452950837851474 4387.916552466117 7.181461114669219e-08 
mdb105c.png 9.953849792480469 2334.002346831532 48.3115136053 0.9995717349058099 569604.2873195512 0.0015357295196736231 
mdb106c.png 3.4910659790039062 862.5231852175972 29.3687450399 0.9988419535026752 216069.76369725444 0.00018890727369580418 
mdb107c.png 12.166893005371094 2801.4152176927564 52.9283970822 0.9996431649408387 677474.946076674 0.0022945205128053203 
mdb108c.png 4.735660552978516 1158.422945485322 34.0356129001 0.9991375019755354 288753.5303066718 0.0003476111487543676 
mdb109c.png 2.7740554809570312 689.3033695073177 26.2545875897 0.9985513615546833 173170.89006463476 0.00011927868763450533 
mdb110c.png 0.9461631774902344 238.53833232431202 15.4446862164 0.9958253028219045 60363.040223910066 1.3876011507818475e-05 
mdb111c.png 3.976259231567383 978.5960784996033 31.2825203348 0.9989791710869936 244672.25224778955 0.00024506537101842696 
mdb112c.png 1.5173492431640625 380.8157641196772 19.5145013802 0.997380935796861 96149.37357492608 3.568647662177682e-05 
mdb113c.png 0.00775146484375 1.9687519017317072 1.40312219772 0.6631581105121352 500.0477223287013 9.313225746154785e-10 
mdb114c.png 0.3434867858886719 87.00983682140715 9.32790634716 0.9886376337450865 22070.611823446932 1.8287428247276694e-06 
mdb115c.png 2.106612205505371 524.1342096257184 22.8939775842 0.9980957248991401 131501.80751198632 6.933110944373766e-05 
mdb116c.png 2.8830604553222656 715.7676273512344 26.7538338814 0.9986048477053917 179741.37600559735 0.00012883684030384757 
mdb117c.png 1.524374008178711 382.55751156208134 19.5590774722 0.9973928290546902 96586.4472095099 3.6017671845911536e-05 
mdb118c.png 0.04093742370605469 10.394754146120517 3.22408966161 0.9122403180291114 2639.8420186598114 2.5976078177336603e-08 
mdb119c.png 0.7555255889892578 190.76355967871913 13.8117182015 0.9947852449043217 48309.81740761071 8.847710887494031e-06 
mdb120c.png 0.3119964599609375 79.05253681610924 8.89114935293 0.9875082034902014 20054.68023965419 1.5088007785379887e-06 
mdb121c.png 1.275115966796875 320.63577646113697 17.9063054945 0.996890893136943 81032.63942303689 2.5201821699738503e-05 
mdb122c.png 2.759763717651367 685.8301453932836 26.1883589672 0.9985440359502168 172308.12777816606 0.00011805282065324718 
mdb123c.png 2.723428726196289 676.9962953502563 26.0191524718 0.9985250656871459 170113.30786067975 0.00011496472234284738 
mdb124c.png 0.24029541015625 60.91960503781945 7.80510121893 0.9838500261849342 15458.94097812702 8.950009942054749e-07 
mdb125c.png 0.038272857666015625 9.718376444618734 3.11743106493 0.9067022878728933 2468.095666894749 2.270462573505938e-08 
mdb126c.png 0.03367042541503906 8.550020810608437 2.92404186198 0.8952881862949271 2171.4174030565423 1.7572347132954746e-08 
mdb127c.png 2.3130855560302734 576.8717254775164 24.0181540814 0.9982695121496493 145191.06461540484 8.293082009913633e-05 
mdb128c.png 1.6438379287719727 410.50414695620725 20.2609019285 0.9975698908324576 103182.74689323564 4.2215987377858255e-05 
mdb129c.png 6.022580146789551 1452.0332641057473 38.1055542422 0.9993117845098919 358619.4291098728 0.0005666620572810643 
mdb130c.png 5.43547248840332 1322.1535242074617 36.3614290727 0.9992442298027366 328640.4660424201 0.00045793851404596353 
mdb131c.png 4.486886978149414 1099.7606156295967 33.162638852 0.9990915372645051 274404.6947845676 0.0003120490227956907 
mdb132c.png 1.993337631225586 498.39215085994226 22.3246982255 0.9979975656439973 125598.14248900875 6.158774431241909e-05 
mdb133c.png 3.754131317138672 925.570653247292 30.4231926866 0.9989207514866834 231620.232149232 0.0002184497170674149 
mdb134c.png 2.8983211517333984 719.4688945634857 26.8229173388 0.9986120150258453 180659.84730399775 0.00013020437563682208 
mdb135c.png 4.54841423034668 1114.2915347428432 33.3810055981 0.9991033734509331 277961.790351303 0.00032066575749922777 
mdb136c.png 4.327739715576172 1062.1063424750844 32.5899730358 0.9990593603292105 265178.4911881767 0.0002903052118199412 
mdb137c.png 4.852174758911133 1185.8149435527575 34.435663832 0.9991574086546244 295443.21432455414 0.00036492652816377813 
mdb138c.png 4.845876693725586 1184.335643860022 34.4141779483 0.9991563571000501 295082.10904631583 0.0003639798023868934 
mdb139c.png 4.633195877075195 1134.290313674878 33.6792267381 0.9991191680330972 282854.35046869423 0.00033273147801082814 
mdb140c.png 5.862771987915039 1421.193263291736 37.698716998 0.9992968606828544 352650.9568226606 0.0005327685439624474 
mdb141c.png 2.2084407806396484 551.2319425530067 23.4783292113 0.998189166683519 138795.5503069384 7.559691675851354e-05 
mdb142c.png 3.2522239685058594 805.0463942549934 28.3733394978 0.9987593766225773 201863.592961613 0.00016394321937696077 
mdb143c.png 5.757158279418945 1396.7797209737428 37.3735163046 0.9992845796909234 346740.5671922022 0.0005137465350344428 
mdb144c.png 1.8349170684814453 459.35941701191587 21.4326717189 0.9978277841985057 115834.40548618378 5.218737442191923e-05 
mdb145c.png 5.187910079956055 1264.4500609280292 35.5591065823 0.9992097673145105 314610.46225902985 0.000417174204812909 
mdb146c.png 5.241443634033203 1276.9481367358455 35.734411101 0.9992174956312748 317651.7750486201 0.0004258281878719572 
mdb147c.png 0.06370735168457031 16.17355109253344 4.02163537538 0.9417709246846 4107.051603396054 6.290883902693167e-08 
mdb148c.png 2.5381202697753906 631.8628123857922 25.1368815167 0.9984198787155305 158889.41053415753 9.98520445136819e-05 
mdb149c.png 3.37188720703125 833.8710373273256 28.876825264 0.998802210215363 208991.52439806281 0.00017622951418161392 
mdb150c.png 2.552896499633789 635.4666535426053 25.2084639267 0.9984288257767568 159786.24940435882 0.00010101805037265876 
mdb151c.png 11.128681182861328 2584.416150558162 50.8371532499 0.9996132150718622 627680.5588583736 0.0019196407847630326 
mdb152c.png 8.14339828491211 1937.9193912758576 44.0218058611 0.9994842488014203 476450.2759368541 0.001027883557981113 
mdb153c.png 0.27808380126953125 70.47870898434623 8.3951598546 0.986009820067973 17881.99309472101 1.1986267054453492e-06 
mdb154c.png 0.41082763671875 104.01293402143494 10.19867315 0.9904773634855695 26376.553853572266 2.616085112094879e-06 
mdb155c.png 1.4515380859375 363.03729839996777 19.0535376873 0.9972530287297614 91321.47402994843 3.291666507720947e-05 
mdb156c.png 0.01453399658203125 3.691212669809726 1.92125289064 0.7868355006722474 937.5143700593438 3.2741809263825417e-09 
mdb157c.png 0.030279159545898438 7.689072978946946 2.77291777356 0.8849129242644256 1952.7917179850347 1.4210854715202004e-08 
mdb158c.png 1.5718517303466797 394.32419355590076 19.8575978798 0.9974704305572469 99538.52599724039 3.8296203456411604e-05 
mdb159c.png 1.7559490203857422 439.86565307106076 20.9729743496 0.997731735296152 110953.49421743795 4.7792128498258535e-05 
mdb160c.png 2.254465103149414 562.5140228910891 23.7173780779 0.9982254212683661 141610.39357969648 7.878065753175179e-05 
mdb161c.png 2.3780040740966797 592.7561705215259 24.3465843707 0.9983158069765883 149150.49072402142 8.765117763687158e-05 
mdb162c.png 0.01647186279296875 4.183310522481531 2.04531428452 0.8070731059498156 1062.4919657933622 4.20550350099802e-09 
mdb163c.png 1.7845325469970703 446.924527912167 21.1405895829 0.997767481042708 112721.27872357986 4.936072309646988e-05 
mdb164c.png 3.0378475189208984 753.2666080525402 27.4457029069 0.9986742088416429 189041.4093489868 0.00014304230808193097 
mdb165c.png 1.8373441696166992 458.12092379753165 21.4037595716 0.9978219245776718 115062.8679124567 5.273998340271646e-05 
mdb166c.png 1.5808143615722656 396.5444525591119 19.9134239286 0.9974845580322836 100095.42778440716 3.8734175177523866e-05 
mdb167c.png 2.131410598754883 532.3305910978655 23.0722905473 0.9981249903592788 134077.3550749504 7.041526350803906e-05 
mdb168c.png 1.8098382949829102 451.36149075296606 21.2452698442 0.9977893785823027 113377.56584965513 5.117272030474851e-05 
mdb169c.png 3.2151622772216797 796.1075318530665 28.2153775777 0.9987454641186551 199651.69818565287 0.00016022798172343755 
mdb170c.png 0.015260696411132812 3.875751124710136 1.96869274513 0.7949033955133529 984.3816390150952 3.609784471336752e-09 
mdb171c.png 9.191299438476562 2168.6870978268316 46.5691646675 0.9995391040482281 530913.4703435281 0.0013094423920847476 
mdb172c.png 8.616479873657227 2042.6170180502445 45.1953207539 0.9995106715244747 501224.5541591424 0.0011507800454637618 
mdb173c.png 0.030521392822265625 7.750570777954307 2.78398469427 0.8857217402870058 1968.408419385083 1.4439137885347009e-08 
mdb174c.png 1.4744739532470703 370.1808577772972 19.2400846614 0.997305895551866 93480.11584265021 3.369820569787407e-05 
mdb175c.png 2.7369937896728516 680.2948737879041 26.0824629548 0.9985322067749606 170932.93509742385 0.00011611282479861984 
mdb176c.png 2.1880931854248047 546.2414098014633 23.3718080131 0.9981726529058487 137550.09098318827 7.421030113619054e-05 
mdb177c.png 1.7542533874511719 439.4468046440247 20.9629865392 0.9977295782613108 110848.58733393092 4.7699872084194794e-05 
mdb178c.png 1.467691421508789 368.49783201368024 19.1962973517 0.9972936241748693 93057.60822458372 3.338889746373752e-05 
mdb179c.png 1.2504081726074219 314.4843316497152 17.733706089 0.9968302704772346 79485.78646057588 2.423461774014868e-05 
mdb180c.png 3.847391128540039 947.8567249863756 30.7872818707 0.9989461001079859 237108.83259169981 0.00022943794556340436 
mdb181c.png 3.3883590698242188 837.8344055568489 28.9453693284 0.9988078695945523 209971.05520436028 0.00017795550229493529 
mdb182c.png 1.6939373016357422 424.540363765274 20.6043772962 0.9976500466579673 107114.10763814759 4.4476154471340124e-05 
mdb183c.png 4.402347564697266 1079.770860434977 32.8598670179 0.9990747344912708 269508.2719326172 0.00030040089404792525 
mdb184c.png 2.333433151245117 581.8522208741226 24.1216131483 0.99828429923712 146432.75084071388 8.439627799816662e-05 
mdb185c.png 1.5543231964111328 388.4267698713972 19.7085456052 0.9974321231169335 97668.23203894532 3.7743451684946194e-05 
mdb186c.png 0.09059524536132812 22.994780252216096 4.79528729611 0.9583242692998765 5838.590966303908 1.272164809051901e-07 
mdb187c.png 2.029672622680664 507.33062307078353 22.5240010449 0.9980327763966705 127832.26318368471 6.385347751347581e-05 
mdb188c.png 2.2832908630371094 569.5759100297028 23.8657895329 0.998247384822209 143371.77367636765 8.080812767730094e-05 
mdb189c.png 0.07581901550292969 19.246534607454972 4.38708725779 0.9506088316154712 4887.1605369877825 8.9102286437992e-08 
mdb190c.png 0.022527694702148438 5.721019505299297 2.39186527741 0.8512130489709882 1453.0100729652208 7.866219675634056e-09 
mdb191c.png 0.623992919921875 157.71642387663042 12.5585199716 0.9936994548164889 39961.55773280971 6.035203114151955e-06 
mdb192c.png 1.2482280731201172 313.9414407418734 17.7183927246 0.9968248065492924 79349.25542878607 2.415018479950959e-05 
mdb193c.png 3.8662853240966797 952.3676827884428 30.8604549997 0.9989510867443344 238219.26623315556 0.0002316969776074984 
mdb194c.png 2.4991207122802734 622.3469031129007 24.946881631 0.9983957568490256 156520.79335488385 9.680706079961965e-05 
mdb195c.png 0.020832061767578125 5.290475774962741 2.30010342701 0.8410295125878737 1343.6706353224122 6.726622814312577e-09 
mdb196c.png 0.04045295715332031 10.271778494084083 3.20496154331 0.911282855627012 2608.6162136820476 2.5364897737745196e-08 
mdb197c.png 0.03754615783691406 9.533904871022783 3.08770219921 0.9050684421167641 2421.2538757426973 2.18506102100946e-08 
mdb198c.png 0.02228546142578125 5.659513962140894 2.37897330001 0.8498388912937243 1437.390421503695 7.697963155806065e-09 
mdb199c.png 2.0379085540771484 509.35595136507567 22.5689156001 0.9980405832491515 128338.39079637222 6.437273350456962e-05 
mdb200c.png 2.6112747192382812 649.69636832955 25.4891421654 0.9984631849067067 163326.34185390582 0.00010569092410150915 
mdb201c.png 3.8380346298217773 941.7852049734832 30.6885191069 0.9989393130113575 234657.05262774925 0.00023013185364106903 
mdb202c.png 3.335794448852539 825.1828791245651 28.7259965732 0.9987896142303753 206843.81083016767 0.0001724769763313816 
mdb203c.png 1.4131889343261719 354.9668947442248 18.8405651387 0.9971907499973599 89659.95597732844 3.09551578538958e-05 
mdb204c.png 3.450855255126953 852.862218895712 29.2038048702 0.9988288508639095 213683.89952953535 0.00018458060003467835 
mdb205c.png 1.8625316619873047 466.170431427869 21.5909803258 0.9978594535682758 117539.03239426205 5.3769982514495496e-05 
mdb206c.png 1.7948789596557617 447.6840510307831 21.1585455793 0.9977712602048086 112460.52622701952 5.033027355239028e-05 
mdb207c.png 0.7446250915527344 188.0274656716689 13.7123107342 0.9947097634915291 47618.96631176371 8.594248356530443e-06 
mdb208c.png 0.2633075714111328 66.74153325553945 8.16954914641 0.9852380075864576 16934.77589587325 1.074630745279137e-06 
mdb209c.png 1.425058364868164 357.91463567574374 18.9186319716 0.9972138221721796 90400.26821616045 3.1477328775508795e-05 
mdb210c.png 1.320413589477539 331.9071311390102 18.2183185596 0.9969961592694677 83866.15662290812 2.7024180781154428e-05 
mdb211c.png 2.159994125366211 539.3470342445646 23.2238462414 0.9981493374875314 135829.16027261745 7.231655126815895e-05 
mdb212c.png 1.767333984375 442.67762633116945 21.0399055685 0.997746111273924 111657.7578749795 4.8413872718811035e-05 
mdb213c.png 1.2009925842285156 302.1741700646206 17.3831576552 0.9967015659685426 76389.33025902063 2.2356984118232504e-05 
mdb214c.png 0.09931564331054688 25.206450063596776 5.02060255981 0.9618414551542372 6399.934921349939 1.5288605936802924e-07 
mdb215c.png 5.871007919311523 1423.095260890944 37.7239348543 0.9992977997838611 353111.1927196744 0.0005342664453564794 
mdb216c.png 4.264759063720703 1047.1778489076794 32.3601274551 0.9990459634297346 261517.21240009402 0.00028191719684400596 
mdb217c.png 1.3182334899902344 331.3648460760699 18.2034295141 0.9969912582157647 83729.85466581883 2.6935016649076715e-05 
mdb218c.png 1.1896076202392578 299.3366308841413 17.3013476609 0.996670402817478 75675.41110745537 2.1935121367278043e-05 
mdb219c.png 0.10173797607421875 25.820748837169106 5.08141209086 0.96271543326135 6555.843253913538 1.6043486539274454e-07 
mdb220c.png 4.111425399780273 1010.7680311919004 31.7925782407 0.9990116311553925 252579.3825660144 0.0002620097156977863 
mdb221c.png 0.8032455444335938 202.736001857773 14.2385393162 0.9950916873263367 51332.09768168581 1.0000672773458064e-05 
mdb222c.png 1.0939254760742188 275.4688788513702 16.5972551602 0.9963829563596647 69667.75280380693 1.8548467778600752e-05 
mdb223c.png 0.7378330230712891 185.58454734343104 13.6229419489 0.9946404993648301 46815.96007028633 8.505016012350097e-06 
mdb224c.png 1.8682279586791992 465.7068953783584 21.5802431724 0.9978573275648964 116953.79788822914 5.4527889915334526e-05 
mdb225c.png 2.4940338134765625 621.1052556784458 24.9219833817 0.9983925549722138 156211.6774329352 9.64133650995791e-05 
mdb226c.png 0.9639120101928711 242.01502575738638 15.5568321247 0.9958850281093387 60996.52032664407 1.4515558177663479e-05 
mdb227c.png 2.3479671478271484 585.4087176086913 24.1952209663 0.9982947047511881 147319.29383561076 8.545089167455444e-05 
mdb228c.png 2.590442657470703 644.6200852439335 25.3893695322 0.9984511014715067 162063.65028528083 0.00010401130202808417 
mdb229c.png 0.012353897094726562 3.1375846319366714 1.77132284803 0.7583131007686646 796.9077351142455 2.3655957193113863e-09 
mdb230c.png 0.024950027465820312 6.336062029724862 2.51715355704 0.8636870849853617 1609.201670628448 9.648829291108996e-09 
mdb231c.png 2.759521484375 685.7712702616773 26.1872348724 0.99854391113417 172293.5020928118 0.00011803209781646729 
mdb232c.png 2.1675033569335938 541.1898019393116 23.2634864528 0.9981556274271054 136289.17898014345 7.282024307642132e-05 
mdb233c.png 2.0085983276367188 502.14694476826185 22.4086354955 0.9980125090485036 126536.71245764909 6.25343673164025e-05 
mdb234c.png 0.2051715850830078 52.02942585548698 7.21314257834 0.9811425452214937 13204.799207519962 6.524796845042147e-07 
mdb235c.png 3.732330322265625 920.3560172415831 30.337369979 0.998914643220116 230335.35570893172 0.00021591992117464542 
mdb236c.png 0.8458786010742188 213.42452627274236 14.6090563101 0.9953363543929297 54029.29843355804 1.109043660108e-05 
mdb237c.png 1.1748313903808594 295.6530995655435 17.1945659894 0.9966290593239561 74748.54474761506 2.1393589122453704e-05 
mdb238c.png 2.180826187133789 544.4586805220127 23.3336383901 0.9981666805649825 137105.13510429653 7.371819174295524e-05 
mdb239c.png 1.3642578125 342.8090822934173 18.5151041664 0.9970914090072043 86605.82693381325 2.8848648071289062e-05 
mdb240c.png 10.214977264404297 2390.10911976902 48.88874226 0.9995817840383225 582672.8061034451 0.001617362522665644 
mdb241c.png 2.3583831787109375 587.957027710711 24.2478252161 0.9983020832540415 147954.4570745628 8.621072629466653e-05 
mdb242c.png 2.533517837524414 630.7401287837923 25.1145401866 0.9984170706364258 158610.00134396707 9.949024479283253e-05 
mdb243c.png 2.480710983276367 617.8528385991323 24.8566457632 0.9983841069513979 155401.90668141824 9.538605900161201e-05 
mdb244c.png 2.4630279541015625 613.5349136119863 24.7696369294 0.9983727531538893 154326.71441440092 9.40310419537127e-05 
mdb245c.png 1.9524002075195312 488.31521992003655 22.0978555503 0.9979563276201312 123078.67912298244 5.90840500080958e-05 
mdb246c.png 1.2252159118652344 308.20977464611275 17.5559042674 0.9967659495850528 77907.65924002382 2.326793401152827e-05 
mdb247c.png 0.07073211669921875 17.955952970144985 4.23744651531 0.9472461236016481 4559.541991855896 7.754715625196695e-08 
mdb248c.png 1.3240470886230469 332.81089765938685 18.2431054829 0.9970042919299166 84093.31070537632 2.7173115086043254e-05 
mdb249c.png 2.1335906982421875 532.8658572094056 23.0838873938 0.9981268702868036 134211.01009483618 7.05593847669661e-05 
mdb250c.png 1.9848594665527344 496.3057564640193 22.277920829 0.9979891646396569 125076.56496283867 6.10649622103665e-05 
mdb251c.png 0.0058135986328125 1.4765864576498213 1.2151487389 0.5962184171236409 375.0443759620432 5.238689482212067e-10 
mdb252c.png 0.01840972900390625 4.675393355312724 2.16226579201 0.8238007592788432 1187.463839524774 5.2532413974404335e-09 
mdb253c.png 11.871438980102539 2728.2247987657342 52.2324113819 0.9996335955907875 657852.9198651809 0.0022017382470949087 
mdb254c.png 0.0075092315673828125 1.907232042664835 1.38102572122 0.656030208347808 484.42261698980695 8.74024408403784e-10 
mdb255c.png 0.11602973937988281 29.444634151636613 5.42629101244 0.9671534893466196 7475.52062128895 2.0867537386948243e-07 
mdb256c.png 1.6752853393554688 419.92782537768306 20.4921405758 0.9976242958062876 105958.16871648884 4.350209201220423e-05 
mdb257c.png 8.490760803222656 2014.8771452750455 44.8873829185 0.9995039380240289 494670.95501145103 0.0011174440296599641 
mdb258c.png 1.0655841827392578 268.3922066521631 16.3826800815 0.996287940128531 67885.6259994704 1.759981478244299e-05 
mdb259c.png 0.9703865051269531 244.59846986130862 15.6396441731 0.9959283133947671 61890.656290444276 1.4595603715861216e-05 
mdb260c.png 0.019784927368164062 5.004803768054957 2.23714187482 0.8334666645861244 1266.1163336388613 6.1154423747211695e-09 
mdb261c.png 0.6249618530273438 157.96011704104234 12.5682185309 0.9937091138417958 40023.150680974366 6.0539605328813195e-06 
mdb262c.png 0.18120098114013672 45.778204153195695 6.765959219 0.9786225226448398 11573.590595251118 5.129559212946333e-07 
mdb263c.png 1.9180030822753906 479.8430900957866 21.9053210453 0.9979203194959071 120959.80435851752 5.7020519307116047e-05 
mdb264c.png 1.9620895385742188 490.7008908358284 22.1517694741 0.9979662432616297 123675.22718782238 5.967194738332182e-05 
mdb265c.png 1.7784767150878906 445.4292735724654 21.1051954166 0.9977600035230717 112346.84989613907 4.902627915726043e-05 
mdb266c.png 0.9606971740722656 242.1746949006927 15.5619630799 0.9958877300106889 61279.71595975304 1.4305584045359865e-05 
mdb267c.png 2.8971099853515625 719.1751766486694 26.81744165 0.9986114489468333 180586.9652832762 0.0001300955773331225 
mdb268c.png 0.5486583709716797 138.75782444868162 11.7795511141 0.9928447655510895 35168.356768043544 4.665912456403021e-06 
mdb269c.png 0.13056373596191406 33.12910391864972 5.75578873124 0.9706994944143976 8410.466935760338 2.642273102537729e-07 
mdb270c.png 1.174346923828125 295.53231336331214 17.1910532942 0.9966276862421574 74718.15013119127 2.1375948563218117e-05 
mdb271c.png 1.223520278930664 307.7873581739329 17.5438695325 0.9967615254526168 77801.40490185465 2.320357543794671e-05 
mdb272c.png 4.250709533691406 1043.8455367428537 32.3085984955 0.9990429207334155 260699.68215795077 0.0002800627989927307 
mdb273c.png 1.49603271484375 375.52926405290066 19.3785774517 0.9973441639323432 94822.62900503243 3.469083458185196e-05 
mdb274c.png 0.3413066864013672 86.45907436869551 9.298337183 0.988566080681527 21931.09582946655 1.8056025510304607e-06 
mdb275c.png 3.7977333068847656 935.9943485477144 30.5940247197 0.9989327577038752 234187.90761858388 0.00022355351029546 
mdb276c.png 3.973836898803711 978.0188694638385 31.2732932302 0.9989785692276313 244530.3053726133 0.0002447668748573051 
mdb277c.png 3.7497262954711914 920.7682488005087 30.3441633399 0.9989151286114473 229501.73803196647 0.00021966359872749308 
mdb278c.png 2.9366140365600586 725.8160440262972 26.9409733311 0.9986241360407231 181500.01755580504 0.0001347263978459523 
mdb279c.png 4.667593002319336 1142.3961286879583 33.7993510099 0.9991254124665023 284836.3765106008 0.00033769025412766496 
mdb280c.png 0.4706592559814453 119.10482122322256 10.91351553 0.9916739395653282 30196.566804157806 3.4335689633735456e-06 
mdb281c.png 1.019317626953125 256.8328300015904 16.0260048047 0.9961215179618754 64973.744589603084 1.610466279089451e-05 
mdb282c.png 0.37909507751464844 96.00293802494149 9.79810890044 0.9896910338969024 24348.35201710294 2.2275571609498e-06 
mdb283c.png 0.07048988342285156 17.89449412101846 4.23018842618 0.9470745290350172 4543.940125934188 7.701692084083334e-08 
mdb284c.png 0.484466552734375 122.5855363827737 11.0718352762 0.9919084382422976 31077.337648998062 3.637978807091713e-06 
mdb285c.png 3.340639114379883 826.3493716406934 28.7462931809 0.9987913207717595 207132.20536369 0.0001729783261907869 
mdb286c.png 2.3598365783691406 588.3125718423458 24.2551555724 0.9983031076413765 148043.07172140788 8.631701712147333e-05 
mdb287c.png 0.4304485321044922 108.96366927719687 10.4385664378 0.9909060873780121 27629.868744914915 2.871937795134727e-06 
mdb288c.png 0.03754615783691406 9.533904871022783 3.08770219921 0.9050684421167641 2421.2538757426973 2.18506102100946e-08 
mdb289c.png 0.06516075134277344 16.54234008327573 4.06722756719 0.9429950625029003 4200.676469843242 6.581194611499086e-08 
mdb290c.png 0.24465560913085938 62.022869639394656 7.87545996367 0.9841327441019139 15738.634645454573 9.277755452785641e-07 
mdb291c.png 2.906557083129883 721.4660234385435 26.8601195723 0.9986158518635374 181155.38777272723 0.00013094541009195382 
mdb292c.png 0.5028762817382812 127.2253071199457 11.2794196269 0.9922012274919757 32251.24941907872 3.9197184378281236e-06 
mdb293c.png 3.7987022399902344 936.225901778447 30.5978087741 0.9989330213792614 234244.93562150287 0.0002236675973108504 
mdb294c.png 1.567007064819336 393.12392101363724 19.8273528494 0.9974627269579879 99237.44797588601 3.806049880950013e-05 
mdb295c.png 12.465808868408203 2863.149213237335 53.5084032021 0.9996508561790781 691548.4293083332 0.002408648873824859 
mdb296c.png 4.214132308959961 1035.1664236154459 32.174002294 0.9990349040682955 258569.94332741483 0.000275263672847359 
mdb297c.png 1.9524345397949219 486.37135501797604 22.0538285796 0.9979481764988771 122102.34458684397 5.9554135077632964e-05 
mdb298c.png 0.008962631225585938 2.2763476766163326 1.50875699721 0.694782087036393 578.1719077957817 1.2450982467271388e-09 
mdb299c.png 2.4878339767456055 617.1042219666546 24.8415825174 0.9983821498633059 154592.11530696182 9.669449445937062e-05 
mdb300c.png 0.4185791015625 105.96896360299706 10.29412277 0.9906514939818303 26871.7603615828 2.7157366275787354e-06 
mdb301c.png 0.07654571533203125 19.43089496701344 4.40804888437 0.9510545180906396 4933.9599698666225 9.081850294023752e-08 
mdb302c.png 1.1646575927734375 293.11639352781583 17.1206423223 0.9965999855091198 74110.1837227767 2.102466532960534e-05 
mdb303c.png 2.6115169525146484 649.7553848242965 25.4902998183 0.9984633242792604 163341.02054291498 0.00010571053371677408 
mdb304c.png 2.8328638076782227 700.7541665993396 26.471761683 0.9985749995545506 175305.66303299394 0.00012537482780317077 
mdb305c.png 0.06709861755371094 17.03404559903001 4.12723219592 0.9445493250802368 4325.5046212425805 6.978461897233501e-08 
mdb306c.png 0.8795490264892578 221.86091858620878 14.8949964279 0.9955128965350056 56157.53576593852 1.1990924576821271e-05 
mdb307c.png 2.5497474670410156 634.698693948082 25.1932271444 0.9984269277103759 159595.14687558444 0.00010076898979605176 
mdb308c.png 1.237569808959961 311.28703575807066 17.6433283639 0.9967978177589969 78681.66764517513 2.3739522475807462e-05 
mdb309c.png 2.030641555786133 507.56891090117824 22.5292900665 0.9980336981310399 127891.81284599823 6.391445731424028e-05 
mdb310c.png 2.387693405151367 595.1255575610294 24.3951953786 0.9983225010447608 149740.91425147594 8.83669135873788e-05 
mdb311c.png 3.0572261810302734 757.9546852236265 27.5309768302 0.9986823982782248 190203.2511391009 0.0001448730845368118 
mdb312c.png 1.6534843444824219 414.5348003527804 20.3601277096 0.9975934626915699 104606.41248697975 4.237724715494551e-05 
mdb313c.png 2.187124252319336 546.0037246115006 23.3667225903 0.9981718588832091 137490.76806336668 7.414459196297685e-05 
mdb314c.png 2.484344482421875 618.7399308174154 24.8744835287 0.9983864199315332 155622.77929444317 9.566568769514561e-05 
mdb315c.png 1.3909034729003906 349.43085110872255 18.693069601 0.9971463699704631 88269.41159726988 2.9986553272465244e-05 
mdb316c.png 3.228727340698242 799.379897639322 28.2733071578 0.998750593308316 200461.51426927515 0.0001615828668946051 
mdb317c.png 0.5411491394042969 136.86682052971614 11.6990093824 0.9927466231820117 34690.10705240524 4.539066139841452e-06 
mdb318c.png 0.2696056365966797 68.33453445005273 8.26647049532 0.9855771729350778 17338.548374651447 1.1266538422205485e-06 
mdb319c.png 0.08163261413574219 20.721358364791126 4.55207187606 0.9539623635315122 5261.533486005185 1.0329040378564969e-07 
mdb320c.png 0.024707794189453125 6.274558833317507 2.50490695103 0.8625346192239183 1593.5829131543637 9.462382877245545e-09 
mdb321c.png 0.9757347106933594 244.96043711797932 15.6512120016 0.9959343054853967 61735.97418960614 1.4873818145133555e-05 
mdb322c.png 0.3335552215576172 84.50065421047027 9.19242373971 0.9883041830587824 21434.980535022514 1.7245192793780006e-06 
mdb026c.png 3.256826400756836 806.1560728917202 28.3928877167 0.9987610822323155 202138.13213317274 0.00016440756098745624 
mdb015c.png 2.2384777069091797 558.595932212713 23.6346341671 0.9982129963024465 140632.96224060078 7.766728322167182e-05 
mdb015c.png 2.2384777069091797 558.595932212713 23.6346341671 0.9982129963024465 140632.96224060078 7.766728322167182e-05 
mdb015c.png 2.2384777069091797 558.595932212713 23.6346341671 0.9982129963024465 140632.96224060078 7.766728322167182e-05 
mdb026c.png 3.256826400756836 806.1560728917202 28.3928877167 0.9987610822323155 202138.13213317274 0.00016440756098745624 
